25 32 y 14 28
23717296 70145456
92645 2816 1070 21 27 923 2443757 4636892345 18992711047936
[46, 0, 24, 6, 42, 22, 20, 6]
iter 0
xorred 2070
checksum 3444516145
34143559 59040891
133373 1136 900 57 7 1387 1807461 17184773489 70388832212080
[12, 9, 30, 8, 7, 4, 37, 8]
iter 1
xorred 12301
checksum 592649042
41972267 47239929
163954 688 720 52 47 3514 5891908 18254182148 74769130078896
[8, 5, 32, 8, 5, 10, 38, 9]
iter 2
xorred 2830
checksum 3284760808
48531922 34746802
189577 3360 530 12 27 730 807756 18590745161 76147692182816
[50, 5, 46, 2, 2, 0, 48, 10]
iter 3
xorred 11789
checksum 148231923
70856741 30187753
276784 592 460 40 14 1256 1242336 68807796128 281836732940880
[64, 8, 16, 12, 29, 14, 21, 0]
iter 4
xorred 22538
checksum 592649042
106220865 32150507
414925 1040 490 36 62 3768 5696968 86185801945 353017044767760
[124, 8, 14, 12, 19, 8, 32, 6]
iter 5
xorred 16650
checksum 3444516145
118050931 41974037
461136 1840 640 30 17 854 889108 90199134464 369455654766384
[74, 1, 18, 8, 45, 2, 32, 8]
iter 6
xorred 21763
checksum 3284760808
124537177 55111188
486473 1424 840 59 33 3399 5976213 90535768257 370834506782096
[122, 8, 22, 4, 35, 8, 48, 9]
iter 7
xorred 32525
checksum 1185298084
124576491 65544469
486626 3760 1000 8 17 578 964740 90535820420 370834720444080
[120, 9, 26, 14, 33, 10, 54, 13]
iter 8
xorred 29952
checksum 592649042
124631333 79332092
486841 592 1210 32 47 3242 7392972 90537316297 370840847553104
[112, 4, 28, 12, 47, 18, 53, 6]
iter 9
xorred 30236
checksum 2594130531
186177341 34081552
727255 976 520 2 49 2566 4980884 296374260117 1213948969440208
[14, 0, 88, 4, 55, 2, 35, 9]
iter 10
xorred 16911
checksum 3284760808
183620962 47868331
717269 1568 730 26 26 972 914136 293484491673 1202112477894176
[44, 5, 106, 12, 30, 10, 48, 10]
iter 11
xorred 26633
checksum 592649042
183513704 59676076
716850 1664 910 37 26 1689 2015721 293484529068 1202112631064192
[32, 8, 98, 12, 20, 6, 54, 11]
iter 12
xorred 24585
checksum 3444516145
183612449 66904285
717236 528 1020 56 13 1506 1834660 293484621744 1202113010663952
[36, 12, 104, 12, 29, 14, 52, 12]
iter 13
xorred 25858
checksum 592649042
183562627 80645756
717041 2096 1230 35 39 3119 7382269 293485999529 1202118654072880
[40, 1, 104, 14, 23, 28, 52, 2]
iter 14
xorred 25361
checksum 3284760808
183523789 91160263
716889 3280 1390 63 44 3573 7568825 293486082537 1202118994074832
[40, 8, 102, 6, 23, 28, 49, 7]
iter 15
xorred 26645
checksum 3284760808
178259969 119995338
696328 16 1830 62 60 4084 8346936 293201381480 1200952858542096
[0, 8, 100, 0, 1, 20, 48, 14]
iter 16
xorred 21778
checksum 3284760808
225512515 93111503
880908 1072 1420 49 12 1441 3392673 348246999280 1426419709051952
[100, 9, 70, 12, 57, 20, 16, 0]
iter 17
xorred 2833
checksum 592649042
229389964 80671637
896054 2240 1230 60 57 4050 7729580 349040584124 1429670232574144
[84, 0, 112, 14, 36, 28, 23, 3]
iter 18
xorred 5905
checksum 3284760808
233324331 64239319
911423 688 980 13 45 2291 4912933 349306529653 1430759545459376
[100, 13, 116, 8, 39, 14, 22, 9]
iter 19
xorred 8450
checksum 3753300549
250397952 47871940
978117 0 730 29 60 3057 5109641 362192368281 1483539940478976
[124, 4, 120, 12, 2, 8, 48, 10]
iter 20
xorred 13834
checksum 3284760808
259622747 39998621
1014151 1456 610 21 9 403 616717 365429352477 1496798627747248
[102, 1, 90, 0, 59, 8, 50, 15]
iter 21
xorred 13574
checksum 3284760808
281822387 39997436
1100868 2864 610 19 63 2991 5074013 1100859586584 4509120866650928
[62, 1, 48, 2, 65, 10, 0, 14]
iter 22
xorred 20231
checksum 2594130531
298873886 45907486
1167476 480 700 31 33 2391 4823989 1105166114736 4526760405959136
[46, 5, 32, 12, 116, 4, 5, 13]
iter 23
xorred 32512
checksum 148231923
309375128 59046376
1208496 2432 900 62 30 2044 2086256 1117044524320 4575414371617152
[34, 8, 8, 10, 84, 4, 52, 9]
iter 24
xorred 18959
checksum 148231923
312075463 66245893
1219044 3184 1010 53 16 1809 2075401 1117786996248 4578455536634992
[12, 13, 58, 10, 89, 8, 37, 14]
iter 25
xorred 18945
checksum 3444516145
311958700 85212899
1218588 2752 1300 15 46 2301 6444913 1117788439408 4578461447817920
[4, 12, 52, 2, 84, 22, 33, 1]
iter 26
xorred 17689
checksum 3284760808
310747523 98369481
1213857 2096 1500 63 60 4085 7862193 1117768640161 4578380350101552
[16, 13, 40, 14, 75, 28, 36, 0]
iter 27
xorred 22303
checksum 1185298084
427318286 86509274
1669212 224 1320 1 45 2211 6442117 1379043252688 5648561163010272
[44, 9, 84, 4, 116, 16, 17, 5]
iter 28
xorred 7448
checksum 3284760808
419479660 96386638
1638592 1728 1470 47 36 3189 7511993 1378686786216 5647101076342464
[8, 12, 74, 12, 96, 22, 1, 7]
iter 29
xorred 8977
checksum 592649042
412913670 98333263
1612944 96 1500 28 36 2416 6535072 1375487583136 5633997140525152
[16, 13, 120, 12, 84, 28, 1, 0]
iter 30
xorred 15645
checksum 80224587
389330328 102946261
1520821 2432 1570 53 29 1971 4017421 1189793516825 4873394244917632
[86, 0, 8, 2, 118, 16, 52, 15]
iter 31
xorred 7197
checksum 148231923
382768512 101630157
1495189 2048 1550 48 12 1440 3753128 1186772566457 4861020432209920
[100, 0, 40, 6, 86, 20, 32, 10]
iter 32
xorred 14872
checksum 3284760808
367118679 91813618
1434057 1392 1400 61 47 3579 7569349 1173937683137 4808448750130544
[106, 13, 46, 4, 107, 24, 17, 4]
iter 33
xorred 15893
checksum 2594130531
360533757 83279719
1408334 4048 1270 47 54 3709 7651193 1172885846652 4804140427890640
[126, 4, 22, 10, 121, 30, 19, 7]
iter 34
xorred 535
checksum 592649042
355238252 61611689
1387649 1728 940 7 42 2205 4901361 1172599130273 4802966037599936
[80, 8, 26, 12, 98, 6, 17, 13]
iter 35
xorred 14607
checksum 2594130531
361837443 51817968
1413427 2096 790 43 31 1775 1988221 1173617313581 4807136516429872
[64, 13, 32, 2, 127, 4, 6, 10]
iter 36
xorred 6401
checksum 3444516145
376228072 46541138
1469640 3712 710 10 21 614 832572 1185752346728 4856841612201600
[120, 0, 30, 10, 64, 14, 48, 11]
iter 37
xorred 5647
checksum 148231923
390692640 43961837
1526143 512 670 51 30 1965 1951481 1189979199485 4874154801091072
[108, 4, 20, 12, 110, 6, 38, 10]
iter 38
xorred 12292
checksum 3753300549
406347801 42637118
1587296 400 650 37 51 3611 6062541 1374478177416 5629862614696336
[10, 0, 80, 12, 81, 0, 20, 11]
iter 39
xorred 7943
checksum 2594130531
422095254 43967876
1648809 2400 670 57 24 1985 1954473 1378756380393 5647386134092128
[2, 5, 92, 14, 98, 4, 21, 10]
iter 40
xorred 10501
checksum 592649042
515156698 44620943
2012330 3488 680 55 8 1429 1690001 1461448133828 5986091556162976
[82, 1, 110, 14, 80, 0, 54, 13]
iter 41
xorred 23042
checksum 592649042
511242019 44608278
1997039 560 680 42 49 3654 6068372 1460645977301 5982805923025456
[108, 1, 92, 12, 83, 2, 54, 12]
iter 42
xorred 21763
checksum 3284760808
508680070 57697046
1987031 2144 880 24 49 2882 5192196 1460574845717 5982514568058976
[108, 13, 72, 2, 94, 8, 35, 12]
iter 43
xorred 22795
checksum 148231923
508583527 67550393
1986654 1648 1030 47 11 1247 3166589 1460576194940 5982520094475888
[108, 1, 70, 0, 85, 22, 35, 2]
iter 44
xorred 23573
checksum 148231923
508583867 85260638
1986655 2992 1300 62 21 1910 3610420 1460576326517 5982520633416624
[110, 13, 68, 2, 87, 22, 34, 1]
iter 45
xorred 24344
checksum 2594130531
509921728 106839995
1991881 3072 1630 15 59 2783 7107581 1460628124393 5982732797516800
[120, 4, 78, 6, 66, 28, 48, 10]
iter 46
xorred 17428
checksum 3444516145
507341133 125208327
1981801 1232 1910 33 48 3585 8268329 1460380843625 5981719935489232
[88, 12, 86, 0, 91, 28, 53, 15]
iter 47
xorred 24607
checksum 148231923
502041074 150125162
1961097 3872 2290 46 38 3196 13680472 1448826956361 5934395213258528
[114, 5, 126, 26, 98, 10, 16, 6]
iter 48
xorred 32275
checksum 80224587
504670169 157961635
1971367 3472 2410 19 26 909 8874201 1460315253917 5981451280047504
[86, 8, 74, 22, 83, 8, 38, 7]
iter 49
xorred 26897
checksum 3284760808
513894819 139655496
2007401 2608 2130 62 20 1908 9778968 1461438199369 5986050864618032
[72, 5, 100, 18, 75, 10, 52, 2]
iter 50
xorred 21279
checksum 80224587
530950034 119312172
2074023 2336 1820 35 50 3597 8258289 1465728583349 6003624277399840
[86, 13, 104, 6, 106, 20, 54, 8]
iter 51
xorred 25111
checksum 148231923
567581257 119965082
2217114 1168 1830 33 25 1667 4081709 4403704252780 18037572619388048
[48, 8, 46, 0, 53, 20, 66, 15]
iter 52
xorred 26899
checksum 148231923
574192521 119285290
2242939 2192 1820 9 34 2121 6951649 4415317284837 18085139598694544
[8, 12, 20, 6, 31, 20, 118, 9]
iter 53
xorred 29975
checksum 80224587
529636844 119977883
2068893 3776 1830 45 57 3795 8280365 1465677203833 6003413826903744
[68, 8, 110, 2, 126, 22, 33, 15]
iter 54
xorred 29971
checksum 2594130531
486348020 121945238
1899796 3904 1860 47 9 1239 3830069 1444543144240 5916848718810944
[118, 8, 114, 2, 92, 30, 17, 8]
iter 55
xorred 18716
checksum 3284760808
475849181 120633828
1858785 3536 1840 46 30 1788 4087632 1443402243585 5912175589727696
[122, 12, 90, 2, 83, 16, 5, 13]
iter 56
xorred 30227
checksum 2594130531
443079937 124559250
1730781 16 1900 39 57 3735 8284597 1391911926257 5701271249948688
[44, 8, 92, 4, 71, 28, 48, 12]
iter 57
xorred 1820
checksum 3284760808
650154506 36724374
2539666 160 560 23 41 2455 4803349 4485288577796 18371742014652576
[96, 5, 40, 0, 4, 0, 98, 13]
iter 58
xorred 11784
checksum 592649042
646198282 49829296
2524212 160 760 21 27 923 912325 4485021216656 18370646903423136
[84, 5, 32, 12, 4, 8, 100, 13]
iter 59
xorred 5132
checksum 3444516145
643609540 70183020
2514099 3136 1070 58 6 1388 3218680 4484238429613 18367440607697984
[112, 0, 26, 6, 22, 20, 103, 6]
iter 60
xorred 6932
checksum 3284760808
642272366 87882250
2508876 1760 1340 62 32 3412 7543728 4484220721904 18367368076920544
[108, 13, 22, 4, 0, 22, 97, 5]
iter 61
xorred 6938
checksum 148231923
640986935 103551622
2503855 880 1580 4 40 2192 6834592 4484033432821 18366600940835696
[86, 1, 12, 4, 19, 22, 119, 12]
iter 62
xorred 15903
checksum 1185298084
641055529 128494206
2504123 656 1960 42 39 3182 8035540 4484033662405 18366601881211536
[80, 8, 12, 12, 31, 18, 118, 13]
iter 63
xorred 13595
checksum 2594130531
643598207 138293190
2514055 2032 2110 11 60 2789 12869305 4484244720317 18367466374420464
[118, 5, 26, 20, 19, 6, 99, 7]
iter 64
xorred 7184
checksum 3444516145
654117309 155980541
2555145 3024 2380 4 47 2234 12740068 4485385756897 18372140060253136
[114, 8, 52, 22, 27, 14, 113, 1]
iter 65
xorred 11281
checksum 592649042
664608581 159929441
2596127 1104 2440 21 6 313 8619457 4489345204693 18388357958423632
[84, 8, 54, 28, 63, 0, 99, 0]
iter 66
xorred 15892
checksum 148231923
693433279 161268112
2708723 3056 2460 48 25 1922 9945764 4677514221477 19159098251172848
[58, 13, 72, 30, 55, 6, 71, 1]
iter 67
xorred 532
checksum 3753300549
715777043 158639915
2796004 304 2420 41 50 3657 14039649 4691257949744 19215392562151728
[14, 13, 120, 16, 9, 12, 116, 4]
iter 68
xorred 2837
checksum 3284760808
719598158 93733363
2810930 1248 1430 16 31 938 2606700 4691516884780 19216453160060128
[48, 13, 98, 8, 4, 20, 119, 3]
iter 69
xorred 8466
checksum 3444516145
690849856 94398264
2698632 1024 1440 25 51 2891 6789189 4677294082112 19158196560331776
[16, 8, 94, 8, 40, 16, 80, 4]
iter 70
xorred 13844
checksum 3284760808
663268579 93115947
2590892 3632 1420 53 34 3353 7569889 4489321039088 18388258976108080
[68, 9, 62, 14, 33, 22, 100, 0]
iter 71
xorred 16145
checksum 2594130531
623976917 93759356
2437409 3408 1430 41 55 3691 7771757 4471147169321 18313818805542224
[66, 12, 2, 10, 59, 20, 85, 2]
iter 72
xorred 11792
checksum 592649042
612216744 93719395
2391471 2688 1430 2 54 2604 6719096 4467125896829 18297347673414272
[116, 12, 28, 10, 26, 22, 86, 3]
iter 73
xorred 9235
checksum 592649042
597754188 92464130
2334977 1216 1410 57 0 1345 3379209 4420664524809 18107041893618880
[0, 8, 34, 8, 42, 16, 113, 3]
iter 74
xorred 30995
checksum 2594130531
849472181 32161882
3318250 2896 490 48 5 1314 1289356 5515879120076 22593040875834192
[10, 8, 44, 14, 73, 10, 119, 6]
iter 75
xorred 6154
checksum 3444516145
844234690 32123065
3297791 3104 490 10 11 206 194780 5515023482333 22589536183639072
[44, 9, 14, 14, 94, 8, 102, 6]
iter 76
xorred 6665
checksum 592649042
804857776 44620236
3143975 2816 680 54 28 1972 1953168 4764549614741 19515595221981952
[102, 0, 112, 14, 58, 2, 118, 12]
iter 77
xorred 23040
checksum 3444516145
806144870 45250638
3149003 1632 690 30 4 372 630552 5497563961933 22518021988079200
[24, 5, 30, 8, 66, 2, 67, 14]
iter 78
xorred 1793
checksum 3444516145
808829374 58329457
3159489 3040 890 2 23 558 929500 5497643825801 22518349110483936
[26, 13, 8, 6, 90, 10, 81, 15]
iter 79
xorred 6414
checksum 3284760808
808806486 83934480
3159400 1376 1280 47 17 1623 3543317 5497645372480 22518355445679456
[26, 9, 6, 0, 88, 16, 85, 0]
iter 80
xorred 4377
checksum 592649042
804826188 94404687
3143852 1216 1440 32 4 1056 3312640 4764551269456 19515601999692992
[100, 8, 126, 8, 48, 16, 117, 5]
iter 81
xorred 24341
checksum 80224587
796963697 97023068
3113139 1808 1480 29 5 371 2340229 4764194760069 19514141737244432
[66, 8, 106, 12, 39, 26, 102, 0]
iter 82
xorred 26910
checksum 2594130531
760225381 103566895
2969630 1616 1580 19 34 2317 6883569 4746226698740 19440544558040656
[100, 0, 70, 4, 53, 22, 67, 12]
iter 83
xorred 21534
checksum 148231923
749842356 105516671
2929071 2880 1610 3 39 2095 6825181 4742804235485 19426526148549440
[70, 0, 108, 6, 26, 26, 87, 10]
iter 84
xorred 26390
checksum 2594130531
753710168 110164874
2944180 1408 1680 62 56 4052 8246032 4743061096208 19427578250069376
[118, 4, 122, 8, 4, 16, 84, 9]
iter 85
xorred 23573
checksum 148231923
781233399 117370229
3051692 3952 1790 59 23 1903 4046589 4759916965624 19496619891199856
[70, 5, 110, 14, 17, 30, 101, 14]
iter 86
xorred 23579
checksum 2594130531
798254376 122567255
3118181 640 1870 14 37 2166 6960572 4764213064889 19514216713785984
[92, 8, 96, 4, 50, 30, 100, 11]
iter 87
xorred 27161
checksum 148231923
811436207 131785981
3169672 2800 2010 57 15 1515 3929805 5497851470536 22519199623318256
[48, 13, 28, 14, 89, 26, 65, 11]
iter 88
xorred 13330
checksum 592649042
814077617 148813180
3179990 2832 2270 45 23 1659 9746413 5498641445820 22522435362081552
[30, 4, 40, 30, 77, 14, 66, 2]
iter 89
xorred 14614
checksum 148231923
817924543 154044519
3195017 3056 2350 34 6 1068 9571576 5498908854505 22523530668055536
[34, 9, 44, 22, 67, 6, 65, 7]
iter 90
xorred 3102
checksum 3284760808
844165125 174327738
3297520 80 2660 1 59 2699 13396069 5515032165664 22589571750559824
[40, 0, 8, 16, 85, 12, 101, 12]
iter 91
xorred 4112
checksum 1722258072
872966678 176314966
3410026 352 2690 22 37 2358 13206812 5566290760780 22799526956155232
[74, 1, 20, 24, 64, 0, 71, 10]
iter 92
xorred 22803
checksum 148231923
939832857 43922865
3671222 400 670 13 27 731 840685 5772437669820 23643904695583120
[22, 4, 72, 12, 69, 4, 70, 11]
iter 93
xorred 23815
checksum 2594130531
937263658 53753137
3661186 672 820 13 19 603 924517 5589117389348 22893024826770080
[112, 13, 56, 0, 120, 6, 98, 13]
iter 94
xorred 20998
checksum 592649042
937168616 68211630
3660814 3712 1040 52 58 3992 7684928 5589118747220 22893030388616832
[116, 4, 54, 2, 112, 18, 98, 1]
iter 95
xorred 20501
checksum 592649042
938537444 82579529
3666161 3648 1260 4 4 48 2141600 5589180677537 22893284055195200
[104, 0, 42, 14, 118, 30, 117, 4]
iter 96
xorred 16660
checksum 3444516145
945075423 93105874
3691700 3568 1420 43 45 3303 7525557 5772724585904 23645079903866352
[54, 9, 74, 14, 85, 20, 69, 1]
iter 97
xorred 27666
checksum 3284760808
946402943 108832886
3696886 2032 1660 42 7 1134 3686132 5772778438580 23645300484425712
[46, 5, 90, 4, 69, 30, 87, 13]
iter 98
xorred 26130
checksum 3284760808
938539383 152092479
3666169 1904 2320 47 51 3679 14029653 5589187057473 22893310187411312
[106, 13, 46, 16, 119, 2, 117, 0]
iter 99
xorred 17951
checksum 2594130531
946390486 165869993
3696837 3424 2530 62 26 2012 9959768 5772784367641 23645324769860960
[46, 9, 90, 26, 66, 8, 81, 6]
iter 100
xorred 26397
checksum 80224587
946388179 165841930
3696828 3376 2530 35 0 1029 9611289 5772784364888 23645324758584624
[38, 9, 94, 26, 69, 8, 84, 6]
iter 101
xorred 26909
checksum 2594130531
997480381 40003202
3896407 3024 610 25 40 2497 4814857 5794264791325 23733308585270224
[62, 0, 64, 2, 119, 10, 115, 15]
iter 102
xorred 31239
checksum 2594130531
1010660962 39997703
3947894 1568 610 20 16 784 862472 5841245256988 23925740572624416
[92, 1, 82, 0, 92, 10, 86, 14]
iter 103
xorred 1029
checksum 3753300549
1027726918 39997884
4014558 1120 610 20 27 922 878924 5845719546204 23944067261252704
[108, 1, 78, 0, 108, 8, 67, 14]
iter 104
xorred 3335
checksum 3284760808
1048667831 41312338
4096358 2928 630 24 5 354 605740 5859409739324 24000142292274032
[78, 5, 96, 2, 73, 14, 103, 14]
iter 105
xorred 7
checksum 3753300549
1074847580 41972973
4198623 1472 640 29 14 505 644417 17592203399509 72057665124390336
[142, 0, 14, 8, 22, 0, 3, 9]
iter 106
xorred 38145
checksum 592649042
1090633662 42631929
4260287 3040 650 32 47 3242 5817548 17596481652189 72075188847369184
[134, 1, 12, 14, 46, 2, 7, 11]
iter 107
xorred 41734
checksum 3284760808
1099721632 42654841
4295787 2560 650 55 7 1343 1672669 17597560558797 72079608048835072
[152, 0, 52, 14, 34, 2, 6, 10]
iter 108
xorred 34822
checksum 3444516145
1120741840 44578776
4377897 3328 680 13 61 2803 5037445 17610713959617 72133484378594560
[178, 0, 54, 14, 10, 0, 36, 12]
iter 109
xorred 43522
checksum 592649042
1182381759 4631128
4618678 3056 70 42 37 3174 5256252 17678441997628 72410898422287344
[230, 1, 24, 2, 29, 14, 55, 3]
iter 110
xorred 54286
checksum 148231923
1179698236 17703460
4608196 960 270 8 34 2120 4329704 17678370754744 72410606611432384
[238, 8, 8, 4, 16, 6, 33, 3]
iter 111
xorred 55049
checksum 2594130531
1175835108 37362162
4593105 3648 570 6 31 702 806876 17678103829385 72409513285164608
[216, 4, 10, 6, 30, 2, 33, 14]
iter 112
xorred 60686
checksum 80224587
1170582007 57032437
4572585 3952 870 15 47 2303 4881789 17666544462953 72362166120259440
[242, 9, 46, 2, 43, 14, 5, 14]
iter 113
xorred 61963
checksum 2594130531
1167889164 68173340
4562067 192 1040 15 33 2135 6296341 17666298364677 72361158101717184
[208, 4, 56, 0, 54, 16, 3, 1]
iter 114
xorred 56597
checksum 80224587
1154865300 93765725
4511192 2368 1430 48 5 1314 3376684 17662267872104 72344649204140352
[250, 12, 44, 10, 28, 20, 1, 2]
iter 115
xorred 51984
checksum 3284760808
1154779279 102938450
4510856 2288 1570 45 53 3699 8133901 17662268164168 72344650400434416
[240, 1, 44, 2, 17, 16, 1, 15]
iter 116
xorred 52252
checksum 148231923
1156169929 121287772
4516288 3216 1850 45 5 1139 3809165 17662321842824 72344870268210320
[232, 12, 58, 6, 9, 16, 16, 15]
iter 117
xorred 51989
checksum 2594130531
1160019275 123253175
4531325 1200 1880 44 27 1754 4092868 17665271412689 72356951706375344
[220, 13, 6, 4, 39, 24, 20, 9]
iter 118
xorred 59672
checksum 148231923
1204681549 129768790
4705787 1232 1980 7 21 567 3051445 17683730653157 72432560755332304
[248, 12, 62, 12, 47, 20, 39, 13]
iter 119
xorred 52761
checksum 2594130531
1237369295 127834959
4833473 3312 1950 38 52 3636 8292280 17872703902377 73206595184139504
[168, 13, 106, 14, 35, 20, 1, 11]
iter 120
xorred 57372
checksum 3284760808
1259666613 122560319
4920572 2896 1870 7 51 2591 7217661 17888559396344 73271539287427920
[158, 8, 76, 6, 53, 30, 37, 10]
iter 121
xorred 49690
checksum 3284760808
1295109629 97697268
5059021 4048 1490 47 31 1791 3602269 17940164637273 73482914354274256
[206, 12, 78, 10, 59, 26, 17, 3]
iter 122
xorred 43551
checksum 80224587
1298926547 86528951
5073931 3376 1320 20 59 2970 6769092 17940421413061 73483966107901232
[242, 9, 86, 6, 35, 16, 18, 4]
iter 123
xorred 38171
checksum 2594130531
1276698236 71488449
4987102 1984 1090 52 60 4016 7693576 17935806525788 73465063529629632
[206, 0, 94, 0, 20, 26, 3, 3]
iter 124
xorred 34585
checksum 148231923
1242613941 62309543
4853960 2896 950 49 10 1417 1821289 17884261309032 73253934321797968
[138, 12, 76, 10, 17, 6, 33, 14]
iter 125
xorred 62990
checksum 80224587
1221607289 58357160
4771903 1936 890 29 26 985 1014729 17868423573469 73189062956930960
[166, 12, 102, 4, 23, 10, 6, 15]
iter 126
xorred 53517
checksum 148231923
1340974820 59686233
5238182 3648 910 47 21 1655 2004413 17958673564860 73558726921670208
[244, 8, 122, 14, 40, 6, 55, 10]
iter 127
xorred 37130
checksum 592649042
1338299415 67531516
5227732 368 1030 28 47 2554 6378860 17958603608376 73558440379908464
[254, 1, 104, 0, 37, 20, 33, 2]
iter 128
xorred 37399
checksum 148231923
1335703053 81278852
5217590 208 1240 13 56 2769 6615937 17958356232084 73557427126616272
[212, 4, 112, 12, 61, 24, 39, 1]
iter 129
xorred 48657
checksum 2594130531
1333108405 99639411
5207454 2896 1520 24 7 362 2342468 17957613988692 73554386897685328
[246, 12, 76, 10, 61, 26, 51, 4]
iter 130
xorred 46104
checksum 3284760808
1334415326 107508942
5212559 3552 1640 29 12 497 2719105 17958338914517 73557356193865184
[198, 1, 126, 6, 42, 24, 35, 13]
iter 131
xorred 45330
checksum 3284760808
1333112489 130443672
5207470 2704 1990 26 25 966 3141692 17957614511228 73554389037992592
[244, 8, 76, 10, 57, 30, 54, 11]
iter 132
xorred 46871
checksum 1185298084
1334409548 140276287
5212537 1216 2140 28 35 2394 12661732 17958344669153 73557379764851904
[200, 4, 118, 20, 46, 12, 37, 1]
iter 133
xorred 46365
checksum 80224587
1351443957 121268208
5279077 3920 1850 25 63 3051 7298765 18692779482777 76565624761458512
[158, 12, 50, 6, 75, 18, 5, 14]
iter 134
xorred 57878
checksum 148231923
1360603916 123263371
5314859 192 1880 54 24 1940 4154256 18696016438981 76578883334066368
[128, 12, 20, 4, 122, 24, 7, 9]
iter 135
xorred 59673
checksum 2594130531
1386836816 126514493
5417331 1280 1930 29 19 859 3117517 18710025442701 76636264213304576
[138, 8, 50, 12, 78, 16, 54, 10]
iter 136
xorred 49182
checksum 3284760808
1420877913 128504253
5550304 1424 1960 52 27 1946 4180420 18761577585792 76847421791405456
[202, 8, 42, 12, 81, 16, 20, 13]
iter 137
xorred 42265
checksum 148231923
1424762453 128473618
5565478 1360 1960 22 33 2326 7047572 18761834466452 76848473974588752
[246, 8, 50, 12, 65, 16, 23, 12]
iter 138
xorred 37400
checksum 592649042
1507375115 57694619
5888184 176 880 22 25 918 1010452 18972234379072 77710272016679088
[160, 13, 124, 0, 117, 8, 4, 13]
iter 139
xorred 44296
checksum 3284760808
1495603028 59639425
5842199 1344 910 1 40 2177 4898985 18970939457981 77704968019891520
[150, 8, 66, 12, 110, 4, 19, 10]
iter 140
xorred 43274
checksum 3284760808
1473281870 66853968
5755007 1248 1020 7 5 55 700341 18783251644405 76936198735484128
[236, 13, 38, 12, 118, 12, 39, 13]
iter 141
xorred 39680
checksum 592649042
1457606263 83901678
5693774 1904 1280 15 14 253 2250065 18779008602196 76918819234596720
[238, 9, 38, 0, 73, 18, 51, 0]
iter 142
xorred 45595
checksum 2594130531
1457538429 101581926
5693509 2000 1550 1 6 41 2622697 18779008929977 76918820577187792
[238, 0, 34, 4, 67, 22, 49, 11]
iter 143
xorred 48665
checksum 80224587
1469437841 117996589
5739991 2320 1800 31 2 349 2822609 18782986391957 76935112261458192
[222, 8, 40, 6, 127, 16, 34, 8]
iter 144
xorred 43798
checksum 2594130531
1494319558 121246917
5837185 3168 1850 5 12 177 2772873 18970890160777 77704766098545760
[128, 13, 74, 6, 122, 16, 1, 14]
iter 145
xorred 45333
checksum 148231923
1511323315 121282702
5903606 2864 1850 40 8 1216 3824264 18983776051100 77757546705308464
[158, 13, 72, 6, 85, 18, 38, 14]
iter 146
xorred 42263
checksum 2594130531
1529717163 106884584
5975457 2736 1630 59 30 2029 4028153 18988125480617 77775361968609968
[144, 5, 88, 6, 107, 30, 52, 11]
iter 147
xorred 38678
checksum 2594130531
1521834483 98983843
5944665 3888 1510 23 58 2973 6809977 18984916466025 77762217844842288
[154, 9, 102, 10, 95, 30, 48, 6]
iter 148
xorred 37659
checksum 2594130531
1500775368 93097370
5862403 3200 1420 35 25 1671 3588277 18971226177701 77706142423866496
[176, 8, 66, 14, 114, 20, 18, 1]
iter 149
xorred 37395
checksum 3284760808
1473254620 92434472
5754900 3520 1410 28 2 344 2330952 18783253201176 76936205112020416
[230, 8, 34, 10, 116, 16, 33, 3]
iter 150
xorred 37137
checksum 592649042
1572896716 55715658
6144127 3264 850 9 52 2657 5125641 19040932869981 77991661035445440
[236, 12, 102, 2, 102, 8, 7, 11]
iter 151
xorred 60173
checksum 80224587
1574176459 70818019
6149126 3248 1080 38 14 1212 3166160 19040952126100 77991739908508848
[244, 5, 98, 6, 113, 16, 2, 5]
iter 152
xorred 58646
checksum 2594130531
1574302437 85231642
6149618 3664 1300 34 1 1030 3277364 19040952342308 77991740794097232
[248, 12, 106, 2, 125, 22, 7, 0]
iter 153
xorred 59416
checksum 3284760808
1583360424 100984686
6185001 2688 1540 57 54 3945 8197217 19052813091937 78040322424576640
[224, 0, 68, 2, 66, 22, 52, 9]
iter 154
xorred 53789
checksum 2594130531
1587315617 116674665
6200451 2576 1780 20 6 312 2731872 19053573368357 78043436516792848
[208, 4, 120, 10, 83, 30, 34, 12]
iter 155
xorred 55580
checksum 2594130531
1597785299 135699461
6241348 3376 2070 39 0 1045 9438009 19056867414584 78056928930139440
[222, 5, 82, 18, 113, 4, 48, 2]
iter 156
xorred 52497
checksum 148231923
1599156439 146185810
6246704 3440 2230 39 37 3127 13668157 19057063595816 78057732488465776
[226, 5, 66, 26, 125, 4, 37, 6]
iter 157
xorred 63517
checksum 80224587
1605656871 169766295
6272097 624 2590 27 25 967 9261757 19057937487529 78061311948919408
[216, 5, 96, 20, 115, 6, 53, 10]
iter 158
xorred 65053
checksum 168319820
1616172595 177620779
6313174 816 2710 17 50 2825 13468265 21990527783740 90073201802199856
[190, 5, 8, 24, 21, 6, 66, 10]
iter 159
xorred 57617
checksum 3284760808
1630570391 186122286
6369415 2416 2840 0 2 8 9044672 21994620469909 90089965444749680
[134, 13, 8, 22, 51, 0, 83, 8]
iter 160
xorred 60947
checksum 80224587
1645053193 182236836
6425989 144 2780 45 42 3289 14218209 22007426704049 90142419779784848
[148, 4, 24, 28, 11, 12, 96, 9]
iter 161
xorred 59165
checksum 1185298084
1684399836 176957767
6579686 3520 2700 10 20 612 9213104 22059297658036 90354883207318976
[254, 0, 10, 30, 8, 4, 87, 9]
iter 162
xorred 43795
checksum 2594130531
1696187330 173694782
6625731 3104 2650 23 51 2847 13444061 22063276978829 90371182505286688
[200, 5, 26, 22, 58, 8, 66, 10]
iter 163
xorred 43537
checksum 3284760808
1690928152 124571654
6605188 384 1900 52 0 1296 3877280 22060301248688 90358993914626432
[230, 8, 56, 4, 8, 28, 64, 13]
iter 164
xorred 38429
checksum 2594130531
1664693150 129807367
6502707 2528 1980 45 0 1105 3840929 22011798327205 90160325948234208
[130, 13, 16, 14, 62, 20, 119, 13]
iter 165
xorred 56090
checksum 80224587
1612249530 134367961
6297849 2976 2050 18 45 2470 12665884 21990261937481 90072112895925152
[138, 1, 28, 18, 22, 2, 68, 3]
iter 166
xorred 50194
checksum 592649042
1550657147 136970565
6057254 1968 2090 0 20 544 8653960 19035644300444 77969999054620592
[246, 1, 82, 20, 73, 2, 22, 7]
iter 167
xorred 64272
checksum 2594130531
1530969185 140290573
5980348 1552 2140 42 32 3140 13644464 18988327266288 77776188482717200
[164, 4, 78, 20, 101, 14, 36, 0]
iter 168
xorred 43806
checksum 80224587
1731565123 58338780
6763926 1072 890 11 29 743 949917 22080512551836 90441779412321328
[212, 13, 10, 4, 61, 8, 114, 14]
iter 169
xorred 37135
checksum 148231923
1711894369 58360408
6687087 1552 890 32 37 3106 5910156 22076136832733 90423856466875920
[204, 12, 22, 4, 11, 10, 102, 14]
iter 170
xorred 46860
checksum 2594130531
1689551532 70161541
6599810 2752 1070 37 8 1169 3164585 22060112824492 90358222129121984
[208, 0, 40, 6, 16, 22, 83, 7]
iter 171
xorred 47895
checksum 1185298084
1707910211 97671867
6671524 1072 1490 22 43 2462 6546268 22064596706840 90376588111217712
[244, 13, 58, 8, 33, 24, 68, 2]
iter 172
xorred 43807
checksum 1185298084
1697434393 81325145
6630603 400 1240 59 5 1383 3258005 22063321510597 90371364907405712
[218, 4, 28, 12, 35, 24, 82, 1]
iter 173
xorred 46865
checksum 2594130531
1698704933 92408880
6635566 592 1410 3 3 15 2261085 22063517697116 90372168487387728
[228, 8, 4, 8, 33, 18, 71, 2]
iter 174
xorred 34320
checksum 3444516145
1717150092 104222246
6707617 2240 1590 19 34 2317 6883961 22076424015401 90425032767084736
[224, 4, 24, 2, 26, 20, 101, 15]
iter 175
xorred 34589
checksum 2594130531
1731580630 117341354
6763986 3424 1790 31 10 477 2751481 22080514554796 90441787616447840
[218, 5, 10, 14, 60, 28, 115, 14]
iter 176
xorred 40729
checksum 80224587
1761693085 123905883
6881613 2512 1890 41 53 3683 8272909 22269408262233 91215496242108880
[142, 8, 68, 2, 43, 24, 65, 15]
iter 177
xorred 40989
checksum 3284760808
1781276582 117360553
6958111 2656 1790 49 58 3977 8252137 22282365348861 91268568468937312
[148, 5, 84, 14, 6, 30, 115, 14]
iter 178
xorred 46363
checksum 80224587
1799720173 102268460
7030156 3792 1560 31 34 2397 6886353 22286857487056 91286968266985168
[180, 4, 78, 6, 41, 18, 97, 9]
iter 179
xorred 45593
checksum 148231923
1799638951 93098574
7029839 2672 1420 36 36 3120 7505312 22286857048309 91286966469876336
[188, 9, 68, 14, 35, 22, 99, 0]
iter 180
xorred 47121
checksum 3284760808
1770843847 87870434
6917358 3184 1340 50 62 4012 7818992 22270486666996 91219913388018800
[156, 13, 126, 6, 33, 20, 71, 4]
iter 181
xorred 33819
checksum 3284760808
1736795295 86534027
6784356 2544 1320 25 56 3009 6772865 22081503960208 90445840221014512
[222, 9, 32, 6, 41, 16, 101, 5]
iter 182
xorred 45594
checksum 148231923
1739455039 56366953
6794746 1008 860 5 54 2617 5122017 22081573713892 90446125932102640
[218, 13, 60, 4, 45, 14, 119, 9]
iter 183
xorred 48142
checksum 2594130531
1752518998 55754251
6845777 1376 850 47 32 3157 5911321 22265464566537 91199342864536928
[186, 13, 66, 0, 30, 8, 81, 10]
iter 184
xorred 46863
checksum 1185298084
1789238535 59673428
6989213 112 910 34 53 3622 6194364 22283433001465 91272941574000752
[148, 9, 108, 12, 15, 4, 113, 10]
iter 185
xorred 34315
checksum 3284760808
1853414095 55759629
7239898 3312 850 52 48 3856 6234888 22351367009100 91551199269276912
[232, 13, 94, 2, 21, 8, 115, 11]
iter 186
xorred 53260
checksum 592649042
1853400734 62973349
7239846 2528 960 57 26 1993 2093121 22351367037972 91551199387535840
[230, 9, 88, 10, 16, 8, 119, 9]
iter 187
xorred 55554
checksum 3284760808
1854748463 79334778
7245111 752 1210 35 23 1583 3444445 22352090992541 91554164705448688
[212, 5, 112, 12, 15, 18, 103, 7]
iter 188
xorred 52252
checksum 148231923
1861275663 90461362
7270608 240 1380 21 11 411 2320741 22352438130976 91555586584477936
[232, 9, 104, 0, 21, 28, 113, 5]
iter 189
xorred 58384
checksum 592649042
1857315768 108181976
7255139 2944 1650 46 29 1782 3964700 22352171122189 91554492916489088
[218, 4, 96, 2, 18, 26, 118, 15]
iter 190
xorred 56851
checksum 80224587
1857343769 113416829
7255249 400 1730 38 39 3134 7906652 22352171168009 91554493104165264
[218, 0, 104, 8, 23, 24, 112, 11]
iter 191
xorred 54555
checksum 80224587
1867848980 100974583
7296285 320 1540 47 63 3839 8148341 22355593724273 91568511894622528
[246, 0, 68, 0, 62, 20, 97, 8]
iter 192
xorred 60700
checksum 80224587
1883566071 106209594
7357679 3952 1620 40 19 1610 3945060 23090016319093 94576706843008880
[190, 5, 14, 2, 67, 30, 71, 8]
iter 193
xorred 46097
checksum 3284760808
1892696286 106852710
7393344 3552 1630 28 22 888 2963432 23091105772200 94581169242934752
[170, 5, 34, 6, 80, 28, 65, 11]
iter 194
xorred 39188
checksum 3284760808
1924188293 106203800
7516360 2128 1620 34 41 3206 7889460 23108084331104 94650713420204112
[136, 4, 44, 2, 81, 28, 113, 8]
iter 195
xorred 33810
checksum 3444516145
1934718131 106218955
7557492 2864 1620 49 28 1953 4023841 23111506933552 94664732399831856
[174, 5, 0, 2, 125, 30, 100, 8]
iter 196
xorred 46865
checksum 2594130531
1932106123 55095067
7547289 2224 840 43 49 3655 6172821 23111291068865 94663848218073264
[128, 9, 28, 6, 111, 8, 112, 9]
iter 197
xorred 33550
checksum 3284760808
1960838715 55765352
7659526 944 850 58 22 1900 2045528 23159873610268 94862842307658672
[230, 13, 32, 0, 65, 10, 82, 11]
iter 198
xorred 54540
checksum 148231923
1971453549 56384127
7700990 1744 860 22 39 2366 4925428 23163833120756 94879060462618320
[204, 12, 46, 4, 109, 14, 71, 9]
iter 199
xorred 51215
checksum 148231923
1991070791 58360449
7777620 1136 890 32 40 3200 5925512 23176790358936 94932133310202992
[220, 13, 50, 4, 77, 8, 113, 14]
iter 200
xorred 53775
checksum 2594130531
2002880575 60948784
7823752 1008 930 0 19 522 952396 23180274813000 94946405634049008
[226, 9, 12, 8, 105, 2, 113, 15]
iter 201
xorred 62988
checksum 2594130531
2019857604 62259927
7890068 3136 950 0 45 2210 4902444 23364959390520 95702873663573056
[180, 12, 74, 10, 68, 4, 81, 14]
iter 202
xorred 60172
checksum 2594130531
2061870588 28881277
8054181 4032 440 44 23 1658 1482692 23383212543633 95777638578724800
[182, 12, 106, 14, 74, 2, 117, 5]
iter 203
xorred 58117
checksum 148231923
2059209316 39383850
8043786 1600 600 60 50 3928 6108096 23382965428932 95776626396907072
[144, 4, 118, 4, 88, 10, 115, 8]
iter 204
xorred 52482
checksum 3284760808
2059248018 52439431
8043937 2336 800 10 24 708 940048 23382965570561 95776626977020192
[146, 9, 120, 2, 90, 0, 116, 12]
iter 205
xorred 50183
checksum 3284760808
2057916926 66232860
8038737 4064 1010 40 33 3138 5945868 23382947773193 95776554079002592
[138, 13, 114, 10, 78, 10, 113, 15]
iter 206
xorred 50946
checksum 3284760808
2059214693 84574867
8043807 1616 1290 32 41 3202 7487628 23382967124445 95776633341728336
[148, 8, 118, 4, 95, 18, 115, 2]
iter 207
xorred 52764
checksum 2594130531
2060546193 98973991
8049008 2320 1510 14 18 604 2537848 23383163256104 95777436697004304
[170, 8, 96, 10, 93, 28, 100, 6]
iter 208
xorred 62232
checksum 2594130531
2063199205 114729680
8059371 3664 1750 40 45 3298 7927340 23383234967149 95777730425445968
[168, 4, 126, 10, 91, 30, 119, 10]
iter 209
xorred 64026
checksum 80224587
2086683936 113434492
8151109 512 1730 55 55 3903 8234333 23433679777817 95984352369938944
[236, 0, 64, 8, 66, 26, 80, 10]
iter 210
xorred 48664
checksum 2594130531
2111657803 111427795
8248663 1200 1700 16 13 418 2739236 23439003457845 96006158163334320
[252, 1, 114, 8, 127, 20, 66, 13]
iter 211
xorred 45840
checksum 3284760808
2124791861 96370833
8299968 848 1470 32 9 1154 3328684 23451665685160 96058022646416208
[218, 12, 104, 12, 73, 22, 113, 6]
iter 212
xorred 35344
checksum 3444516145
2133940638 83934515
8335705 2528 1280 47 19 1631 3543381 23454902587713 96071280999274976
[202, 9, 68, 2, 126, 16, 113, 1]
iter 213
xorred 33050
checksum 592649042
2107669019 67521326
8233082 432 1030 18 50 2828 6619256 23438779487596 96005240781193648
[202, 1, 100, 0, 101, 20, 86, 3]
iter 214
xorred 40214
checksum 2594130531
2078833118 60977046
8120441 3552 930 27 57 3015 5232669 23387511102793 95795245477043680
[170, 9, 118, 10, 102, 0, 117, 15]
iter 215
xorred 53004
checksum 2594130531
2164043336 103559724
8453294 1152 1580 12 34 2136 6822368 70370178125044 288236249600181376
[52, 0, 190, 4, 16, 20, 22, 13]
iter 216
xorred 35869
checksum 148231923
2162810841 92464320
8448479 3472 1410 57 12 1505 3396617 70370160005469 288236175382404496
[46, 8, 190, 10, 15, 16, 18, 3]
iter 217
xorred 36113
checksum 3284760808
2170554853 79306074
8478729 3664 1210 7 21 567 2396061 70373376821961 288249351462755920
[32, 4, 134, 14, 35, 18, 17, 6]
iter 218
xorred 37918
checksum 148231923
2200747175 61623777
8596668 2672 940 19 30 941 1035505 70390292073968 288318636334975600
[20, 9, 156, 14, 37, 6, 53, 12]
iter 219
xorred 38925
checksum 3284760808
2211186996 65577765
8637449 832 1000 40 50 3656 6207680 70391567132865 288323858976215872
[50, 8, 180, 12, 34, 10, 33, 12]
iter 220
xorred 34050
checksum 3444516145
2224417906 68837607
8689132 1824 1050 24 14 488 2184904 70438557406936 288516331138811680
[94, 5, 174, 4, 24, 18, 4, 2]
iter 221
xorred 60433
checksum 148231923
2237467205 81311956
8740106 1104 1240 46 13 1270 3209108 70442051281604 288530642049451088
[112, 4, 150, 12, 57, 24, 3, 0]
iter 222
xorred 56336
checksum 3284760808
2245265275 94381524
8770567 1968 1440 9 29 739 2546693 70443120887829 288535023156549552
[118, 9, 162, 8, 51, 18, 2, 5]
iter 223
xorred 58646
checksum 2594130531
2245323348 85880988
8770794 1344 1310 28 9 466 2315180 70443120875244 288535023105000768
[122, 12, 174, 4, 48, 20, 7, 2]
iter 224
xorred 58142
checksum 80224587
2267581126 66902875
8857738 3168 1020 54 53 3894 6270900 70459010509540 288600107047079008
[64, 13, 158, 14, 32, 12, 51, 12]
iter 225
xorred 52483
checksum 148231923
2278033126 73445893
8898566 3680 1120 44 32 3152 7354624 70460286969876 288605335428615776
[100, 1, 178, 2, 32, 26, 35, 4]
iter 226
xorred 54557
checksum 80224587
2281984140 82581094
8914000 2240 1260 5 38 2105 6335969 70643625277856 289356289138100416
[24, 0, 192, 14, 4, 28, 1, 5]
iter 227
xorred 56599
checksum 1185298084
2302986266 98967824
8996040 416 1510 8 17 578 2537516 70648188827752 289374981438472608
[58, 9, 204, 8, 32, 28, 0, 7]
iter 228
xorred 54810
checksum 2594130531
2308236829 106205747
9016550 464 1620 36 35 3098 7873380 70649011271220 289378350166917584
[30, 4, 232, 0, 49, 28, 7, 9]
iter 229
xorred 49169
checksum 3444516145
2338387359 66244760
9134325 2544 1010 52 9 1426 1829644 70665433186073 289445614330157552
[46, 13, 200, 10, 39, 8, 53, 15]
iter 230
xorred 62464
checksum 592649042
2348837257 82611619
9175145 2192 1260 35 26 1677 3467505 70712343706849 289637759823255696
[72, 0, 196, 14, 3, 28, 4, 5]
iter 231
xorred 35607
checksum 2594130531
2348823438 90501597
9175091 2272 1380 60 29 2034 3636516 70712343801125 289637760209410272
[64, 9, 192, 2, 6, 28, 7, 5]
iter 232
xorred 33042
checksum 3444516145
2344983818 111453539
9160093 160 1700 41 22 1641 3972193 70666442885489 289449750058963104
[52, 1, 236, 8, 46, 20, 32, 13]
iter 233
xorred 54800
checksum 3284760808
2344988483 118006981
9160111 1072 1800 41 12 1249 3822721 70666442982613 289449750456783920
[52, 9, 238, 4, 43, 16, 38, 8]
iter 234
xorred 55061
checksum 80224587
2356759471 98960764
9206091 2800 1510 1 23 555 2534509 70712700418157 289639220912773872
[104, 9, 212, 10, 27, 30, 19, 7]
iter 235
xorred 46106
checksum 148231923
2384264958 107488504
9313534 4064 1640 9 15 235 2653381 70729546104276 289708220843118560
[94, 1, 222, 6, 20, 26, 39, 13]
iter 236
xorred 45840
checksum 3284760808
2410446011 112742357
9415804 2992 1720 19 61 2983 7196309 70734965153744 289730417269738416
[94, 5, 244, 14, 37, 18, 52, 13]
iter 237
xorred 47892
checksum 2594130531
2458985240 102939011
9605411 384 1570 46 24 1748 3954968 71486528883725 292808822307737984
[2, 0, 160, 0, 90, 16, 38, 15]
iter 238
xorred 56863
checksum 168319820
2456395059 89831212
9595293 816 1370 45 50 3673 7746505 71485777732569 292805745592603440
[38, 13, 156, 4, 79, 26, 48, 2]
iter 239
xorred 50449
checksum 3284760808
2460232741 70844276
9610284 592 1080 63 55 3967 7675861 71486579674832 292809030348112464
[20, 4, 164, 4, 65, 18, 53, 4]
iter 240
xorred 50198
checksum 3284760808
2489186038 13358
9723382 3936 0 13 2 89 4417 71537265825044 293016640819384160
[126, 1, 154, 2, 92, 2, 7, 0]
iter 241
xorred 48897
checksum 2594130531
2525804669 26914267
9866424 2000 410 43 29 1767 1496733 71555234318280 293090239767676880
[82, 12, 190, 12, 69, 2, 37, 3]
iter 242
xorred 35841
checksum 3444516145
2540197020 32797433
9922644 2496 500 28 47 2554 4456292 71558790036272 293104803988572608
[110, 12, 144, 10, 100, 12, 49, 5]
iter 243
xorred 43791
checksum 80224587
2550775282 45252732
9963965 3872 690 32 7 1066 1609292 71743138549593 293859895499136800
[6, 5, 222, 10, 78, 2, 4, 14]
iter 244
xorred 37379
checksum 592649042
2574365405 59698792
10056114 3536 910 59 38 3437 6001913 71747781772716 293878914141048272
[34, 8, 202, 14, 125, 4, 23, 11]
iter 245
xorred 33289
checksum 3444516145
2608434857 77391104
10189198 2704 1180 57 16 1857 3510945 71764967277300 293949305967823504
[36, 4, 220, 14, 121, 22, 50, 1]
iter 246
xorred 45853
checksum 80224587
2625397965 89817066
10255460 3280 1370 31 62 3069 6780889 71812212995736 294142824430537936
[124, 12, 210, 6, 81, 24, 21, 3]
iter 247
xorred 59921
checksum 148231923
2635911842 100292893
10296530 2592 1530 22 17 790 2599836 71816172469132 294159042433567264
[88, 13, 216, 14, 116, 26, 2, 6]
iter 248
xorred 63007
checksum 168319820
2641109528 104860259
10316834 384 1600 2 38 2092 6825040 71816491574276 294160349488234880
[114, 0, 208, 0, 96, 24, 22, 9]
iter 249
xorred 54289
checksum 3284760808
2612280921 76719165
10204222 1424 1170 41 3 1099 3183181 71765769357148 293952591286879632
[22, 4, 230, 8, 117, 16, 54, 3]
iter 250
xorred 45855
checksum 1185298084
2593943236 71439172
10132590 3136 1090 4 52 2608 6563080 71761411454044 293934741315767360
[28, 0, 246, 2, 80, 24, 39, 2]
iter 251
xorred 40216
checksum 148231923
2561268143 72090702
10004953 2800 1100 1 4 33 2106529 71744280949217 293864574767995632
[8, 1, 252, 6, 79, 30, 17, 1]
iter 252
xorred 43544
checksum 3284760808
2554717934 81931695
9979366 3808 1250 11 26 717 2422873 71743405423644 293860988615249632
[60, 1, 202, 10, 72, 26, 7, 7]
iter 253
xorred 47382
checksum 2594130531
2542877908 93736580
9933116 3392 1430 19 40 2437 6537785 71559542966136 293107887989296448
[70, 12, 166, 10, 124, 20, 37, 2]
iter 254
xorred 47376
checksum 3284760808
2525865660 108814207
9866662 3008 1660 23 55 2879 7155701 71555236851380 293090250143255488
[86, 4, 184, 6, 72, 30, 39, 13]
iter 255
xorred 33041
checksum 3444516145
2515326279 115399194
9825493 1136 1760 54 33 3350 7973140 71542687463697 293038847851304048
[124, 1, 186, 8, 103, 24, 17, 12]
iter 256
xorred 45085
checksum 148231923
2440676445 105549531
9533892 1488 1610 35 45 3239 7890077 71472910004376 292753039377925584
[46, 0, 154, 4, 121, 24, 17, 11]
iter 257
xorred 56343
checksum 80224587
2430138363 111467723
9492727 4016 1700 55 12 1461 3788081 71469621632309 292739570205941680
[46, 1, 186, 10, 87, 22, 6, 13]
iter 258
xorred 50448
checksum 592649042
2493031418 7243578
9738403 4000 110 33 51 3595 5515501 71538070023341 293019934815608736
[66, 1, 186, 6, 82, 14, 6, 7]
iter 259
xorred 44046
checksum 148231923
2503535393 15076928
9779435 528 230 3 36 2085 4238393 71541358394477 293033403983778320
[72, 0, 156, 8, 115, 14, 22, 6]
iter 260
xorred 45312
checksum 3444516145
2681755011 60949652
10475605 2096 930 1 9 131 706573 71834691868953 294234897895233584
[108, 9, 240, 10, 119, 0, 32, 14]
iter 261
xorred 51981
checksum 2594130531
2680480989 68218874
10470628 3536 1040 59 63 4079 7689813 71834673370640 294234822126144976
[126, 4, 234, 2, 97, 16, 37, 1]
iter 262
xorred 53271
checksum 148231923
2679146363 76712917
10465415 1968 1170 34 61 3750 7652892 71834487800349 294234062030231472
[70, 5, 234, 8, 115, 18, 50, 3]
iter 263
xorred 60700
checksum 80224587
2684391614 92446382
10485904 3040 1410 39 42 3229 7520601 74766792966408 306244783990410208
[2, 9, 136, 10, 4, 18, 65, 3]
iter 264
xorred 53010
checksum 2594130531
2693631937 106208031
10521999 3088 1620 38 49 3606 8135476 74767872385653 306249205291637776
[20, 4, 190, 2, 11, 28, 66, 8]
iter 265
xorred 58130
checksum 148231923
2704017978 111459580
10562570 928 1700 47 15 1279 3726709 74771160664164 306262674080416672
[18, 1, 148, 8, 32, 22, 82, 13]
iter 266
xorred 62482
checksum 148231923
2746028566 108187299
10726674 352 1650 51 42 3469 7957081 74789414316812 306337441041662304
[18, 5, 176, 0, 44, 24, 115, 14]
iter 267
xorred 64787
checksum 1185298084
2759128898 89154193
10777847 1056 1360 24 41 2498 6517252 74835865794325 306527706293556256
[124, 13, 138, 0, 22, 24, 86, 0]
iter 268
xorred 46613
checksum 2594130531
2759195278 84606642
10778106 2272 1290 63 43 3551 7557597 74835865851340 306527706527090912
[120, 9, 140, 6, 28, 16, 87, 3]
iter 269
xorred 48924
checksum 1185298084
2764315084 99009200
10798105 3264 1510 48 43 3466 7596140 74836855662953 306531760795458752
[112, 8, 166, 10, 6, 28, 65, 7]
iter 270
xorred 37145
checksum 3284760808
2770971559 108850111
10824107 2672 1660 58 59 4046 8223476 74839879151333 306544145003862640
[64, 5, 156, 6, 43, 30, 87, 12]
iter 271
xorred 40977
checksum 3444516145
2785379185 106838972
10880387 1808 1630 14 59 2782 7107580 74852693795501 306596633786373904
[82, 4, 138, 4, 11, 30, 98, 10]
iter 272
xorred 45332
checksum 3284760808
2802410524 102916615
10946916 448 1570 24 32 2368 6887432 74856991890456 306614238783308224
[78, 0, 144, 0, 40, 16, 101, 15]
iter 273
xorred 37663
checksum 80224587
2814175714 89131485
10992873 3616 1360 2 29 678 2516500 74858150131265 306618982937665056
[88, 13, 190, 2, 50, 26, 116, 0]
iter 274
xorred 40981
checksum 592649042
2818163034 72758632
11008449 1440 1110 13 22 633 2373481 74858417451561 306620077881595296
[106, 5, 186, 0, 58, 28, 112, 3]
iter 275
xorred 39450
checksum 148231923
2820764229 67517984
11018610 1104 1030 15 34 2141 6295929 75041737872684 307370958326514768
[8, 0, 194, 0, 13, 20, 87, 2]
iter 276
xorred 36886
checksum 592649042
2892830753 66861627
11300120 528 1020 14 35 2142 4897780 75110729624544 307653548542132752
[112, 12, 212, 12, 13, 14, 80, 12]
iter 277
xorred 63746
checksum 148231923
2898041850 77996444
11320475 4000 1190 8 25 706 2414636 75111553091949 307656921464627104
[82, 1, 254, 10, 22, 22, 82, 7]
iter 278
xorred 59418
checksum 148231923
2883680340 92448562
11264376 1344 1410 41 51 3659 7770189 75064555050312 307464417486079296
[42, 8, 230, 8, 44, 16, 117, 2]
iter 279
xorred 38162
checksum 3284760808
2874491994 110148907
11228484 1440 1680 47 18 1629 3969873 75063432417808 307459819183343008
[62, 5, 194, 8, 56, 16, 96, 9]
iter 280
xorred 42004
checksum 592649042
2844354129 97011448
11110758 1296 1480 17 47 2475 6546629 75047043839124 307392691565053200
[14, 8, 242, 12, 41, 24, 70, 0]
iter 281
xorred 37660
checksum 148231923
2841763192 90482039
11100637 1920 1380 41 23 1643 3554405 75046301432177 307389650666198912
[46, 8, 206, 0, 46, 30, 80, 5]
iter 282
xorred 40467
checksum 2594130531
2841667884 72137167
11100265 704 1100 46 28 1780 3438000 75046301218017 307389649788998336
[40, 0, 196, 4, 34, 30, 85, 1]
iter 283
xorred 39707
checksum 80224587
2865257381 76083603
11192411 2640 1160 60 25 2002 3527044 75060196970949 307446566793009744
[40, 0, 244, 14, 7, 18, 99, 0]
iter 284
xorred 47132
checksum 148231923
2930784081 26912201
11448375 1296 410 41 28 1761 1496713 75128725735325 307727260611892496
[70, 12, 226, 12, 23, 0, 118, 2]
iter 285
xorred 50434
checksum 592649042
2940002813 35424077
11484385 4048 540 33 52 3617 6031009 75131952584353 307740477785513936
[90, 4, 218, 6, 51, 6, 117, 9]
iter 286
xorred 50701
checksum 148231923
2943947594 57705668
11499795 1184 880 33 12 1185 1732097 75132220156677 307741573761750176
[96, 13, 210, 0, 62, 8, 114, 13]
iter 287
xorred 65032
checksum 2594130531
2946598013 66869109
11510148 2000 1020 21 55 2875 5222373 75133004540592 307744786598266832
[70, 12, 234, 12, 41, 14, 113, 13]
iter 288
xorred 62467
checksum 148231923
2951828509 79978701
11530580 464 1220 24 12 480 2225184 75133291180336 307745960674656720
[110, 0, 224, 8, 61, 28, 113, 1]
iter 289
xorred 49685
checksum 3284760808
2956995056 100296089
11550761 3840 1530 25 25 963 2620045 75866573024969 310749483110276864
[34, 12, 134, 14, 66, 26, 68, 6]
iter 290
xorred 41502
checksum 148231923
2958313563 103567880
11555912 1456 1580 20 32 2320 6883744 75866591205600 310749557578139056
[58, 1, 134, 4, 81, 20, 64, 13]
iter 291
xorred 44316
checksum 2594130531
2958369990 109486262
11556132 3168 1670 40 11 1226 3723372 75866591298616 310749557959134304
[52, 1, 130, 10, 88, 20, 69, 10]
iter 292
xorred 43797
checksum 2594130531
2960931628 112085357
11566139 704 1710 18 22 812 2985208 75866662538733 310749849758651072
[48, 0, 148, 12, 86, 22, 87, 15]
iter 293
xorred 42261
checksum 148231923
2963664759 115361628
11576815 1904 1760 17 53 2851 7187461 75867446967381 310753062778394480
[30, 1, 174, 8, 75, 26, 87, 12]
iter 294
xorred 44063
checksum 80224587
2993704654 116663004
11694158 3296 1780 8 45 2274 6880804 75883837176436 310820197074685152
[44, 5, 134, 10, 80, 28, 115, 13]
iter 295
xorred 35102
checksum 148231923
3004177464 115392101
11735068 896 1760 47 38 3197 7912785 75887796595024 310836414853219200
[6, 0, 132, 8, 116, 26, 96, 13]
iter 296
xorred 38431
checksum 80224587
3018625262 106824740
11791504 3808 1630 1 2 9 2630377 75889194329000 310842139971587808
[48, 5, 186, 6, 100, 30, 113, 11]
iter 297
xorred 40726
checksum 80224587
3031695774 92421610
11842561 2528 1410 15 30 765 2544985 75936182730761 311034604465199584
[82, 9, 160, 10, 82, 16, 81, 3]
iter 298
xorred 61712
checksum 3284760808
3018686871 73443105
11791745 2416 1120 41 50 3657 7616577 75889193871361 310842138097097072
[50, 1, 184, 2, 107, 24, 113, 4]
iter 299
xorred 36895
checksum 148231923
2991064750 70171424
11683846 2784 1070 46 50 3676 7608824 75883756914876 310819868323334880
[36, 1, 144, 6, 64, 22, 99, 7]
iter 300
xorred 38678
checksum 2594130531
2961043057 69485992
11566574 1808 1060 17 26 905 2443361 75866662067316 310749847827728144
[62, 0, 158, 0, 89, 22, 86, 4]
iter 301
xorred 44818
checksum 2594130531
3169343600 114043619
12380248 1792 1740 10 46 2284 6878448 76211315847648 312161549711968000
[106, 0, 246, 12, 68, 30, 80, 8]
iter 302
xorred 34842
checksum 592649042
3157589458 117991698
12334333 3360 1800 26 17 838 3084436 76209987409361 312156108428746016
[94, 9, 206, 6, 86, 16, 84, 8]
iter 303
xorred 37399
checksum 148231923
3127408564 119313137
12216439 2880 1820 36 47 3258 8013796 76158702589877 311946045808139072
[46, 12, 208, 6, 70, 22, 119, 8]
iter 304
xorred 53012
checksum 2594130531
3115695329 116686778
12170684 3600 1780 31 59 3039 7207797 76146636615536 311896623577239056
[20, 4, 238, 10, 125, 30, 84, 12]
iter 305
xorred 54044
checksum 2594130531
3101232943 90439791
12114191 752 1380 0 6 40 2239584 76142545676405 311879867090555632
[36, 9, 244, 0, 91, 30, 67, 5]
iter 306
xorred 51218
checksum 592649042
3109116743 91782081
12144987 1136 1400 30 60 3060 6782864 76145762712517 311893044070470768
[40, 13, 198, 4, 127, 24, 67, 4]
iter 307
xorred 53781
checksum 148231923
3131392645 85214679
12232002 2128 1300 17 29 931 2573861 76159504290340 311949329573234768
[24, 12, 224, 2, 73, 20, 115, 0]
iter 308
xorred 49690
checksum 3284760808
3143147707 77361673
12277920 2992 1180 28 32 2384 6394784 76162946614944 311963429334813616
[34, 5, 216, 14, 113, 22, 100, 1]
iter 309
xorred 61212
checksum 1185298084
3143136752 67557578
12277877 3840 1030 54 12 1460 3228984 76162946569529 311963429148794624
[46, 0, 210, 2, 118, 22, 100, 2]
iter 310
xorred 60950
checksum 80224587
3127383852 55100713
12216343 704 840 49 18 1801 2040001 76158700495253 311946037228556992
[36, 8, 208, 4, 70, 10, 115, 9]
iter 311
xorred 49423
checksum 148231923
3090807788 55098960
12073467 3776 840 47 37 3191 5911957 76141269054917 311874638048943808
[8, 8, 222, 6, 94, 10, 87, 9]
iter 312
xorred 57101
checksum 1185298084
3161532422 28885689
12349736 96 440 48 43 3466 5491396 76210252254912 312157193236119648
[96, 13, 196, 12, 88, 0, 85, 4]
iter 313
xorred 43269
checksum 3284760808
3170675264 37408205
12385450 1024 570 51 28 1957 1920665 76211331550924 312161614032585728
[112, 4, 254, 4, 80, 0, 86, 14]
iter 314
xorred 34830
checksum 592649042
3185178432 49828232
12442103 1024 760 20 24 912 912256 76215558471573 312178927499564032
[108, 4, 250, 12, 126, 8, 70, 12]
iter 315
xorred 44556
checksum 148231923
3198205517 57707114
12492990 1232 880 34 38 3116 5910096 76228221103956 312230793641805008
[68, 12, 238, 0, 69, 8, 119, 13]
iter 316
xorred 38921
checksum 592649042
3204828489 64237952
12518861 1168 980 12 24 720 979744 76231376368241 312243717604316304
[92, 12, 206, 8, 107, 12, 96, 9]
iter 317
xorred 39169
checksum 592649042
3193007531 74088893
12472685 2736 1130 32 27 1674 3434700 76227366960345 312227295069575856
[108, 1, 196, 6, 91, 26, 100, 7]
iter 318
xorred 38682
checksum 2594130531
3177237796 79361690
12411085 576 1210 61 41 3539 7461773 76214532365017 312174724567110208
[108, 4, 204, 12, 98, 18, 81, 6]
iter 319
xorred 37660
checksum 148231923
3190389199 82598810
12462457 3312 1260 22 57 2966 6678964 76227153083873 312226419031547120
[72, 1, 214, 14, 79, 28, 117, 5]
iter 320
xorred 42006
checksum 3284760808
3220471699 91098405
12579967 2352 1390 3 18 525 2500857 76232803892733 312249564744636720
[126, 9, 228, 6, 119, 28, 118, 6]
iter 321
xorred 39701
checksum 2594130531
3249339739 98363119
12692733 1456 1500 57 46 3561 7599841 87966373574641 360310266161730992
[158, 13, 190, 12, 39, 28, 20, 1]
iter 322
xorred 4892
checksum 3284760808
3251945692 101624359
12702912 3520 1550 42 34 3148 7868664 87966587834536 360311143770262976
[186, 0, 170, 6, 48, 20, 1, 11]
iter 323
xorred 8473
checksum 592649042
3229635860 111430174
12615765 320 1700 18 33 2310 6916148 87962006624561 360292379134202176
[142, 0, 160, 8, 6, 20, 1, 12]
iter 324
xorred 10512
checksum 3444516145
3211384433 116698293
12544470 1808 1780 43 11 1231 3734133 76231717026612 312245112941004560
[110, 4, 218, 8, 109, 30, 114, 12]
iter 325
xorred 43806
checksum 80224587
3196953840 118652781
12488100 3840 1810 31 54 2941 7280473 76228161390104 312230549053869824
[86, 12, 250, 2, 72, 18, 100, 10]
iter 326
xorred 32790
checksum 3444516145
3199469761 133704788
12497928 3088 2040 11 5 103 2801301 76228241042112 312230875308493840
[80, 12, 230, 14, 81, 24, 112, 12]
iter 327
xorred 38678
checksum 2594130531
3199505116 149476915
12498066 3520 2280 53 35 3355 13740485 76228246694276 312230898459758016
[82, 0, 234, 30, 84, 8, 115, 5]
iter 328
xorred 40723
checksum 80224587
3192945269 154709067
12472442 1872 2360 43 4 1125 9576081 76227373309892 312227321077319504
[106, 12, 198, 20, 85, 2, 103, 4]
iter 329
xorred 40478
checksum 80224587
3181156331 165152297
12426391 3760 2520 1 34 2057 12755649 76215299007381 312177864734236336
[84, 13, 250, 30, 119, 10, 66, 1]
iter 330
xorred 39704
checksum 148231923
3164119324 172361191
12359841 448 2630 1 30 681 9200745 76211003352105 312160269730222528
[66, 0, 248, 16, 82, 12, 69, 11]
iter 331
xorred 44311
checksum 80224587
3155028105 175023455
12324328 2192 2670 41 21 1635 10239149 76209913953512 312155807553587344
[88, 0, 220, 22, 73, 12, 68, 15]
iter 332
xorred 35093
checksum 3284760808
3144485506 175666681
12283146 2080 2680 29 31 1019 9273285 76163004836548 311963667810502688
[48, 5, 212, 22, 104, 8, 114, 12]
iter 333
xorred 65047
checksum 168319820
3137907400 176352440
12257450 3200 2690 59 11 1487 10080349 76162668217420 311962289018555520
[0, 0, 222, 26, 96, 0, 102, 11]
iter 334
xorred 55313
checksum 3284760808
final 605009152930304
final 2252093915408466
final 2392560006381714
final 2432206158510594
final 18020178761629776
final 20302557271631888
final 20829443694021138
final 20869096173218448
final 20869097833158802
final 20871277132210256
final 74873736052138704
final 74490838644516866
final 74490831823816832
final 74490838837379088
final 74493018364784658
final 74493017040435408
final 74456745901096976
final 90677826955773970
final 90782626056868032
final 90815560133959826
final 92504479088058368
final 92927723315767954
final 288406663252496914
final 288970365930832578
final 290522876983906944
final 290624313530062930
final 290626487149416640
final 290625189545783314
final 360894076418261186
final 360853121224231104
final 360432355999481922
final 309067307500778112
final 308675812601966592
final 306990250964036178
final 306850956859792080
final 306812485361494208
final 306949581240381458
final 308536523720054912
final 309095004247023616
final 360293761032454800
final 360855611886875202
final 380700491122776706
final 380595144299438098
final 380590476996948034
final 380592651568007250
final 380592651836912274
final 380596040832202752
final 380562232776927440
final 379046537853499906
final 380555891652803216
final 380699860398600210
final 381264541904581122
final 1153663761707534480
final 1155181295642914960
final 381261174669670592
final 378486354641967680
final 378341213373741776
final 362581848787001360
final 1173363642545504386
final 1173328531743834242
final 1173226530036365376
final 1173225361651812546
final 1173195486009811538
final 1173195489495015568
final 1173224880748751570
final 1173370022424244944
final 1173893386733922384
final 1225578953002513106
final 1227376866068529682
final 1227413487480309954
final 1225548993326483456
final 1173893866180597778
final 1171506553166576208
final 1170979131720855680
final 1155883592421812416
final 1443548824616424016
final 1443439972969723906
final 1245989961671700992
final 1441152243315894338
final 1441157471634289346
final 1441159648627395138
final 1245992142171801792
final 1245951189630118416
final 1243594947244116048
final 1243141955403510336
final 1243176378494093952
final 1245389356139371090
final 1245952373569183872
final 1441190732768039122
final 1441293244925071888
final 1441328353225306834
final 1443440536420614224
final 1459167122307514946
final 1513209562338787984
final 1462158414179778690
final 1462160593029748864
final 1462164653581826112
final 1513248028333710034
final 1513251553328024274
final 1462162999171639890
final 1513249888190937666
final 1513249888078731794
final 1516064996860490448
final 1531229738272933890
final 1531822031964047426
final 1533616434424173138
final 9223373155296651968
final 9223935007770669762
final 9224076086301814784
final 9225800122580875776
final 9243679198995141330
final 9243674520012014272
final 9243639423447955520
final 9242125400385092178
final 9242093765479932096
final 9241565728654037568
final 9241565742230474962
final 9241569249475500176
final 9241956073009326226
final 9244379671019694288
final 9296170720934050002
final 9298247770361385552
final 9314014684394650320
final 9314049104700029458
final 9313447607786654400
final 9297682549454754384
final 9295606674066631312
final 9316439463907678272
final 9316436969456468562
final 9316403166329995472
final 9316301737203389008
final 9316402014755011266
final 9316301754370216080
final 9316400347901077696
final 9511745712898800208
final 9512168960283943104
final 9514001843083127296
final 9529765264831285904
final 9529799692618336848
final 9584400275584057490
final 9584227444448406080
final 9532608605673269442
final 9532051132811364946
final 9532051147584793296
final 9532575686299267600
final 9584226275701635138
final 9585915192289382930
final 9586481721665745042
final 9586060317613455890
final 9584265908023507072
final 9532610783025109696
final 9602413299268171968
final 9602416644658600082
final 9602416647739070544
final 9603968004015550592
final 9604070608116183056
final 9604495546375805458
final 9604525992245271122
final 9604636026184753234
final 10376330462758814226
final 10376862556717101650
final 10378546259872718992
final 10394348161964743360
final 10394872838366017538
final 10394486360204640896
final 10379116283423142594
final 10376295466300174978
final 9601714883525986962
final 9586510495804573712
final 10397128280484186130
final 10396560038742059024
final 10394456443341361344
final 10395049360597256210
final 10394877836635185808
final 10394908274680250448
final 10396598517493215424
final 10397130480455096898
final 10448916308536144592
final 10450609898579161154
final 10451203357249657040
final 10451203338869731410
final 10449057366564182098
final 10397265697572131538
final 10397268193465385682
final 10448391910179023426
final 10450748160790044754
final 10468658313051085010
final 10468658314001814210
final 10468760617210470610
final 10468800957545185490
final 10468765858271982208
final 10468765859835880080
final 10469218854743843392
final 10664561391901145682
final 10664703159628798658
final 10666924173652660304
final 10667377174074118674
final 10667343364739838098
final 10682718657773945490
final 10683242028159781072
final 10684935619134425170
final 10685392669549609682
final 10736621181895252032
final 10739013704171158208
final 10738979913734867008
final 10738979910291829250
final 10738978747014806210
final 10738982091555727440
final 10739012539842105872
final 10739017230178711632
final 10754637714285748224
final 10755338444688631954
final 10756995117457424976
final 10757418359064638146
final 10755306194837013138
final 10739576874915150530
final 9191179072866432
final 9189997229226640
final 9611931761080400
final 11826709791002706
final 11998237333414464
final 27165705346304514
final 27623381741897808
final 27763838208502418
final 27763837800909376
final 29841043855284290
final 30014747621775426
final 81067066586566848
final 81665201712202370
final 81771870160716496
final 83919149021868754
final 99081396390211728
final 99081395451769026
final 84057753648373890
final 84057752815839250
final 99122355595505874
final 101334655952018114
final 102041638171071122
final 299633430621168256
final 299531438795874834
final 299636778552016976
final 315288604236896834
final 317644856719133392
final 318106586797839040
final 369295465316710914
final 369898822565993168
final 372153078813347984
final 387352797222082768
final 387876166388273154
final 387914664438170240
final 372258423097363088
final 371691353326065728
final 369442786009706706
final 369332629797198018
final 318210763227208256
final 317647078059463360
final 315997809654638674
final 297843705487100624
final 297417089667627666
final 315394090686610050
final 315820702405091344
final 390301632665301010
final 390302508012804816
final 390272753402243730
final 1161930904768172738
final 1162072008140044304
final 1162498612778812034
final 1164891155444892226
final 1179986057300322306
final 1179986055155257538
final 1180121297658656960
final 1180512948493807698
final 1182197194097814032
final 1182760345551569600
final 1182906635058182146
final 1182941752580450946
final 1233992897280444496
final 1252040647439302672
final 1252149475734059650
final 1236983570242800192
final 1236839619829172866
final 1234692467180472848
final 1234591036724243072
final 1234591033752314048
final 1236416494690168912
final 1254398732635318800
final 1254821305210403536
final 1254856426913310850
final 1254960607257184976
final 1254999072281199312
final 1450196469099887104
final 1450197648998926994
final 1450197652066342978
final 1450202322883961024
final 1450306508709751378
final 1452453783507081410
final 1452977150902944384
final 1453156714335000770
final 1468321982654264002
final 1453156699320889938
final 1452448538144657602
final 1450202307442821648
final 1540413889067371008
final 1540238856005368322
final 1524510547799503424
final 1522928152091580432
final 1522396176078659794
final 1522818113798187090
final 1524615879701598288
final 1525070183241634450
final 1525070181767150080
final 1524508352911302848
final 1522222471073298624
final 1540271758034600002
final 1540412853347518464
final 1540971344188712960
final 1542628030245800144
final 1543045916693112976
final 1542521361911869586
final 1540835805738393664
final 1542489752038553810
final 1543229514253185554
final 9233089870559980178
final 9233121493039258304
final 9232522191055364672
final 1543087904061704720
final 1542626172633700864
final 1542631398017865744
final 1542629731841645248
final 1542519706474826320
final 1540936759048468626
final 1540373756231361216
final 1540231990269251728
final 1525071923249713154
final 1525032267260467328
